Ciicord = zeros(13,40,2);

Ciicord(1,1,1:2) = [1400000,2170000];
Ciicord(1,2,1:2) = [400000,1100000];
Ciicord(1,3,1:2) = [240000,750000];
Ciicord(1,4,1:2) = [280000,720000];
Ciicord(1,5,1:2) = [150000,280000];
Ciicord(1,6,1:2) = [160000,475000];
Ciicord(1,7,1:2) = [150000,450000];
Ciicord(1,8,1:2) = [150000,600000];
Ciicord(1,9,1:2) = [200000,450000];
Ciicord(1,10,1:2) = [85000,350000];
Ciicord(1,11,1:2) = [90000,400000];
Ciicord(1,12,1:2) = [85000,575000];
Ciicord(1,13,1:2) = [90000,270000];
Ciicord(1,14,1:2) = [200000,485000];
Ciicord(1,15,1:2) = [80000,500000];
Ciicord(1,16,1:2) = [60000,400000];
Ciicord(1,17,1:2) = [200000,625000];
Ciicord(1,18,1:2) = [200000,490000];
Ciicord(1,19,1:2) = [70000,430000];
Ciicord(1,20,1:2) = [350000,600000];
Ciicord(1,21,1:2) = [50000,300000];
Ciicord(1,22,1:2) = [233000,500000];
Ciicord(1,23,1:2) = [200000,425000];
Ciicord(1,24,1:2) = [200000,340000];
Ciicord(1,25,1:2) = [80000,575000];
Ciicord(1,26,1:2) = [150000,400000];
Ciicord(1,27,1:2) = [50000,500000];
Ciicord(1,28,1:2) = [200000,375000];
Ciicord(1,29,1:2) = [50000,350000];
Ciicord(1,30,1:2) = [50000,375000];
Ciicord(1,31,1:2) = [350000,525000];
Ciicord(1,32,1:2) = [75000,350000];
Ciicord(1,33,1:2) = [900000,1200000];
Ciicord(1,34,1:2) = [50000,200000];
Ciicord(1,35,1:2) = [75000,225000];
Ciicord(1,36,1:2) = [50000,275000];
Ciicord(1,37,1:2) = [75000,250000];
Ciicord(1,38,1:2) = [75000,225000];
Ciicord(1,39,1:2) = [50000,250000];
Ciicord(1,40,1:2) = [50000,300000];
%%%%%%%%%%%%%%%%%%%%%%%%%%%%%%%%%%%
Ciicord(2,1,1:2) = [5000000,5500000];
Ciicord(2,2,1:2) = [1600000,1950000];
Ciicord(2,3,1:2) = [700000,850000];
Ciicord(2,4,1:2) = [0,0];
Ciicord(2,5,1:2) = [150000,500000];
Ciicord(2,6,1:2) = [950000,1050000];
Ciicord(2,7,1:2) = [1050000,1250000];
Ciicord(2,8,1:2) = [490000,625000];
Ciicord(2,9,1:2) = [470000,680000];
Ciicord(2,10,1:2) = [320000,440000];
Ciicord(2,11,1:2) = [550000,800000];
Ciicord(2,12,1:2) = [1000000,2210000];
Ciicord(2,13,1:2) = [480000,630000];
Ciicord(2,14,1:2) = [100000,450000];
Ciicord(2,15,1:2) = [0,0];
Ciicord(2,16,1:2) = [120000,410000];
Ciicord(2,17,1:2) = [240000,320000];
Ciicord(2,18,1:2) = [0,0];
Ciicord(2,19,1:2) = [250000,500000];
Ciicord(2,20,1:2) = [500000,690000];
Ciicord(2,21,1:2) = [700000,990000];
Ciicord(2,22,1:2) = [700000,1080000];
Ciicord(2,23,1:2) = [650000,1060000];
Ciicord(2,24,1:2) = [250000,520000];
Ciicord(2,25,1:2) = [75000,440000];
Ciicord(2,26,1:2) = [360000,440000];
Ciicord(2,27,1:2) = [0,0];
Ciicord(2,28,1:2) = [380000,450000];
Ciicord(2,29,1:2) = [400000,660000];
Ciicord(2,30,1:2) = [490000,594000];
Ciicord(2,31,1:2) = [350000,500000];
Ciicord(2,32,1:2) = [320000,480000];
Ciicord(2,33,1:2) = [550000,800000];
Ciicord(2,34,1:2) = [50000,250000];
Ciicord(2,35,1:2) = [50000,200000];
Ciicord(2,36,1:2) = [70000,230000];
Ciicord(2,37,1:2) = [50000,250000];
Ciicord(2,38,1:2) = [75000,200000];
Ciicord(2,39,1:2) = [50000,200000];
Ciicord(2,40,1:2) = [110000,270000];
%%%%%%%%%%%%%%%%%%%%%%%%%%%%%%%%%%%
Ciicord(3,1,1:2) = [6700000,7200000];
Ciicord(3,2,1:2) = [2300000,2750000];
Ciicord(3,3,1:2) = [1050000,1200000];
Ciicord(3,4,1:2) = [750000,900000];
Ciicord(3,5,1:2) = [1200000,1600000];
Ciicord(3,6,1:2) = [2100000,3100000];
Ciicord(3,7,1:2) = [1150000,1450000];
Ciicord(3,8,1:2) = [1250000,1700000];
Ciicord(3,9,1:2) = [700000,1500000];
Ciicord(3,10,1:2) = [1950000,2700000];
Ciicord(3,11,1:2) = [850000,1200000];
Ciicord(3,12,1:2) = [815000,950000];
Ciicord(3,13,1:2) = [1500000,1900000];
Ciicord(3,14,1:2) = [2000000,2330000];
Ciicord(3,15,1:2) = [1225000,1450000];
Ciicord(3,16,1:2) = [2900000,3400000];
Ciicord(3,17,1:2) = [600000,1000000];
Ciicord(3,18,1:2) = [1150000,1400000];
Ciicord(3,19,1:2) = [1150000,1750000];
Ciicord(3,20,1:2) = [1000000,1500000];
Ciicord(3,21,1:2) = [200000,1250000];
Ciicord(3,22,1:2) = [850000,1200000];
Ciicord(3,23,1:2) = [650000,1060000];
Ciicord(3,24,1:2) = [300000,550000];
Ciicord(3,25,1:2) = [200000,1450000];
Ciicord(3,26,1:2) = [200000,1000000];
Ciicord(3,27,1:2) = [625000,1150000];
Ciicord(3,28,1:2) = [625000,1000000];
Ciicord(3,29,1:2) = [600000,1150000];
Ciicord(3,30,1:2) = [50000,800000];
Ciicord(3,31,1:2) = [350000,700000];
Ciicord(3,32,1:2) = [750000,1200000];
Ciicord(3,33,1:2) = [3000000,3700000];
Ciicord(3,34,1:2) = [225000,450000];
Ciicord(3,35,1:2) = [50000,350000];
Ciicord(3,36,1:2) = [100000,400000];
Ciicord(3,37,1:2) = [50000,300000];
Ciicord(3,38,1:2) = [15000,150000];
Ciicord(3,39,1:2) = [50000,400000];
Ciicord(3,40,1:2) = [25000,275000];
%%%%%%%%%%%%%%%%%%%%%%%%%%%%%%%%%%%
Ciicord(4,1,1:2) = [1100000,2275000];
Ciicord(4,2,1:2) = [2400000,2820000];
Ciicord(4,3,1:2) = [130000,1570000];
Ciicord(4,4,1:2) = [200000,1170000];
Ciicord(4,5,1:2) = [1150000,1750000];
Ciicord(4,6,1:2) = [700000,1150000];
Ciicord(4,7,1:2) = [450000,1270000];
Ciicord(4,8,1:2) = [200000,1000000];
Ciicord(4,9,1:2) = [675000,1220000];
Ciicord(4,10,1:2) = [1000000,1730000];
Ciicord(4,11,1:2) = [975000,1700000];
Ciicord(4,12,1:2) = [10000,1050000];
Ciicord(4,13,1:2) = [600000,1500000];
Ciicord(4,14,1:2) = [350000,950000];
Ciicord(4,15,1:2) = [50000,600000];
Ciicord(4,16,1:2) = [50000,700000];
Ciicord(4,17,1:2) = [500000,1500000];
Ciicord(4,18,1:2) = [500800,875000];
Ciicord(4,19,1:2) = [75000,500000];
Ciicord(4,20,1:2) = [525000,950000];
Ciicord(4,21,1:2) = [250000,1000000];
Ciicord(4,22,1:2) = [210000,500000];
Ciicord(4,23,1:2) = [200000,575000];
Ciicord(4,24,1:2) = [320000,890000];
Ciicord(4,25,1:2) = [375000,675000];
Ciicord(4,26,1:2) = [50000,540000];
Ciicord(4,27,1:2) = [50000,450000];
Ciicord(4,28,1:2) = [100000,600000];
Ciicord(4,29,1:2) = [350000,590000];
Ciicord(4,30,1:2) = [50000,825000];
Ciicord(4,31,1:2) = [300000,925000];
Ciicord(4,32,1:2) = [50000,900000];
Ciicord(4,33,1:2) = [800000,2500000];
Ciicord(4,34,1:2) = [75000,550000];
Ciicord(4,35,1:2) = [35000,600000];
Ciicord(4,36,1:2) = [100000,1750000];
Ciicord(4,37,1:2) = [50000,300000];
Ciicord(4,38,1:2) = [75000,425000];
Ciicord(4,39,1:2) = [50000,300000];
Ciicord(4,40,1:2) = [100000,600000];
%%%%%%%%%%%%%%%%%%%%%%%%%%%%%%%%%%%
Ciicord(5,1,1:2) = [5850000,6120000];
Ciicord(5,2,1:2) = [1500000,2240000];
Ciicord(5,3,1:2) = [500000,1970000];
Ciicord(5,4,1:2) = [1050000,1550000];
Ciicord(5,5,1:2) = [1200000,1975000];
Ciicord(5,6,1:2) = [1100000,1500000];
Ciicord(5,7,1:2) = [1250000,2410000];
Ciicord(5,8,1:2) = [700000,940000];
Ciicord(5,9,1:2) = [840000,1460000];
Ciicord(5,10,1:2) = [2010000,2510000];
Ciicord(5,11,1:2) = [800000,1750000];
Ciicord(5,12,1:2) = [750000,1382000];
Ciicord(5,13,1:2) = [700000,1765000];
Ciicord(5,14,1:2) = [2750000,3330000];
Ciicord(5,15,1:2) = [1500000,2600000];
Ciicord(5,16,1:2) = [1050000,1460000];
Ciicord(5,17,1:2) = [900000,1850000];
Ciicord(5,18,1:2) = [1000000,1770000];
Ciicord(5,19,1:2) = [450000,1534000];
Ciicord(5,20,1:2) = [900000,1575000];
Ciicord(5,21,1:2) = [1600000,2503800];
Ciicord(5,22,1:2) = [200000,750000];
Ciicord(5,23,1:2) = [235000,1575000];
Ciicord(5,24,1:2) = [2165000,2480000];
Ciicord(5,25,1:2) = [250000,825000];
Ciicord(5,26,1:2) = [860000,1047500];
Ciicord(5,27,1:2) = [800000,1475000];
Ciicord(5,28,1:2) = [1400000,2000000];
Ciicord(5,29,1:2) = [650000,1450000];
Ciicord(5,30,1:2) = [400000,950000];
Ciicord(5,31,1:2) = [1100000,1900000];
Ciicord(5,32,1:2) = [600000,1450000];
Ciicord(5,33,1:2) = [150000,630000];
Ciicord(5,34,1:2) = [350000,750000];
Ciicord(5,35,1:2) = [75000,350000];
Ciicord(5,36,1:2) = [50000,500000];
Ciicord(5,37,1:2) = [50000,500000];
Ciicord(5,38,1:2) = [50000,630000];
Ciicord(5,39,1:2) = [50000,580000];
Ciicord(5,40,1:2) = [30000,475000];
%%%%%%%%%%%%%%%%%%%%%%%%%%%%%%%%%%%
Ciicord(6,1,1:2) = [1200000,1525000];
Ciicord(6,2,1:2) = [200000,730000];
Ciicord(6,3,1:2) = [1700000,2070000];
Ciicord(6,4,1:2) = [300000,1180000];
Ciicord(6,5,1:2) = [1480000,1835000];
Ciicord(6,6,1:2) = [1200000,1800000];
Ciicord(6,7,1:2) = [150000,610000];
Ciicord(6,8,1:2) = [450000,1120000];
Ciicord(6,9,1:2) = [800000,1550000];
Ciicord(6,10,1:2) = [1000000,1550000];
